{
  "nbformat": 4,
  "nbformat_minor": 0,
  "metadata": {
    "colab": {
      "provenance": []
    },
    "kernelspec": {
      "name": "python3",
      "display_name": "Python 3"
    },
    "language_info": {
      "name": "python"
    }
  },
  "cells": [
    {
      "cell_type": "code",
      "execution_count": null,
      "metadata": {
        "id": "_sJ_PJwJdtW9"
      },
      "outputs": [],
      "source": [
        "from sentence_transformers import SentenceTransformer\n",
        "from sklearn.metrics.pairwise import cosine_similarity"
      ]
    },
    {
      "cell_type": "code",
      "source": [
        "model_name = \"sentence-transformers/all-MiniLM-L6-v2\"\n",
        "model = SentenceTransformer(model_name)"
      ],
      "metadata": {
        "collapsed": true,
        "id": "9_KFPYu_HftG"
      },
      "execution_count": null,
      "outputs": []
    },
    {
      "cell_type": "code",
      "source": [
        "with open(\"testing.txt\", \"r\") as file:\n",
        "    article_text = file.read()\n",
        "\n",
        "paragraphs = [p.strip() for p in article_text.split('\\n\\n') if p.strip()]\n",
        "print(paragraphs)"
      ],
      "metadata": {
        "colab": {
          "base_uri": "https://localhost:8080/"
        },
        "id": "y5ZpXZDwIOKx",
        "outputId": "8d073aa5-f50e-4716-de8b-4261aa5d7a2d"
      },
      "execution_count": null,
      "outputs": [
        {
          "output_type": "stream",
          "name": "stdout",
          "text": [
            "['Worry over toxic Delhi air as pollution worsens', \"Air quality in India's capital Delhi has deteriorated to severe and extremely poor levels in the past few days, data shows.\", 'Pollution levels crossed 25-30 times the World Health Organization (WHO)’s recommended safe limit at several locations in the city last week.', 'Experts have warned that the situation will worsen in the coming days due to weather conditions, use of firecrackers during the festival of Diwali on Thursday and burning of crop remains in neighbouring states.', 'Delhi and several northern Indian cities report extreme levels of air pollution between October and January every year, causing disruption to businesses, shutting down of schools and offices.', 'The levels of tiny particulate matter (known as PM 2.5), which can enter deep into the lungs and cause a host of diseases, reached as high as 350 micrograms per cubic metre in some areas on Monday, data from government-run Safar website shows.', \"According to the website, air quality is categorised as very poor when PM 2.5 levels reach 300 to 400, and it's termed severe when the limit reaches 400-500.\", 'Delhi gets enveloped in a thick blanket of smog every winter due to smoke, dust, low wind speed, vehicular emissions and crop stubble burning.', 'In November and December, farmers in the neighbouring states of Punjab and Haryana burn crop stubble to clear their fields.', 'Farming groups say they need financial and technical help to find alternative ways of clearing crop remains but government schemes have so far not been effective.', 'The smoke from firecrackers set off during Diwali adds to the problem.', 'Like every year, the Delhi government has announced a complete ban on the manufacturing, storage and sale of fireworks ahead of the festival, which falls later this week.', 'But such bans have not been completely effective in the past as people source fireworks from other states.', 'The Delhi government has also enacted its Graded Response Action Plan, known as GRAP, to tackle pollution.', 'It bans all activities which involve the use of coal and firewood, as well as diesel generator use for non-emergency services.', 'Authorities in Delhi have warned residents to stay indoors as much as possible and have curbed construction activity in the city.', 'They have also urged people to use public transport to cut vehicular emissions']\n"
          ]
        }
      ]
    },
    {
      "cell_type": "code",
      "source": [
        "sentence_vec = model.encode(paragraphs)"
      ],
      "metadata": {
        "id": "sLj5LcxaIkwe"
      },
      "execution_count": null,
      "outputs": []
    },
    {
      "cell_type": "code",
      "source": [
        "sentence_vec.shape"
      ],
      "metadata": {
        "colab": {
          "base_uri": "https://localhost:8080/"
        },
        "id": "HKiXtXX2KGD1",
        "outputId": "52891a33-473c-44ab-8026-9576d8338fb4"
      },
      "execution_count": null,
      "outputs": [
        {
          "output_type": "execute_result",
          "data": {
            "text/plain": [
              "(17, 384)"
            ]
          },
          "metadata": {},
          "execution_count": 9
        }
      ]
    },
    {
      "cell_type": "code",
      "source": [
        "similarity_matrix = cosine_similarity(sentence_vec)\n"
      ],
      "metadata": {
        "id": "OZ3ltSF6Jq1W"
      },
      "execution_count": null,
      "outputs": []
    },
    {
      "cell_type": "code",
      "source": [
        "similarity_matrix"
      ],
      "metadata": {
        "colab": {
          "base_uri": "https://localhost:8080/"
        },
        "collapsed": true,
        "id": "Y1qZYjrtObnA",
        "outputId": "330d1516-39fb-4e48-c9bc-cce21bb399a4"
      },
      "execution_count": null,
      "outputs": [
        {
          "output_type": "execute_result",
          "data": {
            "text/plain": [
              "array([[ 1.0000001 ,  0.6394992 ,  0.48276994,  0.37245214,  0.7293067 ,\n",
              "         0.40535238,  0.4816361 ,  0.5287659 ,  0.20997973,  0.12343096,\n",
              "         0.30082464,  0.3948431 ,  0.16293988,  0.4456163 ,  0.26303875,\n",
              "         0.4604699 ,  0.3270831 ],\n",
              "       [ 0.6394992 ,  1.        ,  0.27131307,  0.2449219 ,  0.6625407 ,\n",
              "         0.40760735,  0.59103954,  0.45815974,  0.1247293 ,  0.12352881,\n",
              "         0.19690944,  0.1345545 , -0.00844684,  0.24396414,  0.07028455,\n",
              "         0.33969924,  0.07656102],\n",
              "       [ 0.48276994,  0.27131307,  1.0000004 ,  0.21499446,  0.435964  ,\n",
              "         0.41427797,  0.45546377,  0.22139946,  0.0535477 ,  0.06435438,\n",
              "         0.11671792,  0.24636641,  0.33794385,  0.19869332,  0.3350067 ,\n",
              "         0.32576674,  0.34087828],\n",
              "       [ 0.37245214,  0.2449219 ,  0.21499446,  1.0000002 ,  0.3382292 ,\n",
              "         0.08439316,  0.21070573,  0.33569497,  0.45751494,  0.16232762,\n",
              "         0.66827714,  0.44292068,  0.41975552,  0.15438864,  0.2466387 ,\n",
              "         0.27177036,  0.11058838],\n",
              "       [ 0.7293067 ,  0.6625407 ,  0.435964  ,  0.3382292 ,  0.99999976,\n",
              "         0.38371938,  0.4930458 ,  0.57528365,  0.3032008 ,  0.09791218,\n",
              "         0.32193506,  0.42083496,  0.234987  ,  0.38236177,  0.30587292,\n",
              "         0.41190237,  0.2923208 ],\n",
              "       [ 0.40535238,  0.40760735,  0.41427797,  0.08439316,  0.38371938,\n",
              "         0.9999999 ,  0.7207049 ,  0.3229819 ,  0.06979413, -0.01132181,\n",
              "         0.13751432,  0.11644318,  0.09594673,  0.14089862,  0.1582477 ,\n",
              "         0.16104381,  0.16550946],\n",
              "       [ 0.4816361 ,  0.59103954,  0.45546377,  0.21070573,  0.4930458 ,\n",
              "         0.7207049 ,  0.99999976,  0.29766285,  0.04640982,  0.05506919,\n",
              "         0.20633787,  0.15072682,  0.1682629 ,  0.1332199 ,  0.20241527,\n",
              "         0.2218974 ,  0.16241327],\n",
              "       [ 0.5287659 ,  0.45815974,  0.22139946,  0.33569497,  0.57528365,\n",
              "         0.3229819 ,  0.29766285,  1.0000001 ,  0.41629285,  0.07750521,\n",
              "         0.34365338,  0.2773488 ,  0.08742484,  0.35955846,  0.15895723,\n",
              "         0.2859123 ,  0.18274102],\n",
              "       [ 0.20997973,  0.1247293 ,  0.0535477 ,  0.45751494,  0.3032008 ,\n",
              "         0.06979413,  0.04640982,  0.41629285,  1.0000002 ,  0.34916294,\n",
              "         0.2784272 ,  0.26361054,  0.229802  ,  0.17389111,  0.24632873,\n",
              "         0.07031381,  0.14512983],\n",
              "       [ 0.12343096,  0.12352881,  0.06435438,  0.16232762,  0.09791218,\n",
              "        -0.01132181,  0.05506919,  0.07750521,  0.34916294,  1.0000001 ,\n",
              "         0.01396273,  0.07231742,  0.14870824,  0.22248414,  0.20219643,\n",
              "         0.12134986,  0.24785799],\n",
              "       [ 0.30082464,  0.19690944,  0.11671792,  0.66827714,  0.32193506,\n",
              "         0.13751432,  0.20633787,  0.34365338,  0.2784272 ,  0.01396273,\n",
              "         1.        ,  0.37044805,  0.33507964,  0.12823889,  0.20359609,\n",
              "         0.18528223,  0.11692668],\n",
              "       [ 0.3948431 ,  0.1345545 ,  0.24636641,  0.44292068,  0.42083496,\n",
              "         0.11644318,  0.15072682,  0.2773488 ,  0.26361054,  0.07231742,\n",
              "         0.37044805,  1.        ,  0.5759357 ,  0.30469573,  0.46045095,\n",
              "         0.3160494 ,  0.22764309],\n",
              "       [ 0.16293988, -0.00844684,  0.33794385,  0.41975552,  0.234987  ,\n",
              "         0.09594673,  0.1682629 ,  0.08742484,  0.229802  ,  0.14870824,\n",
              "         0.33507964,  0.5759357 ,  1.        ,  0.07942149,  0.5378515 ,\n",
              "         0.12487724,  0.37695178],\n",
              "       [ 0.4456163 ,  0.24396414,  0.19869332,  0.15438864,  0.38236177,\n",
              "         0.14089862,  0.1332199 ,  0.35955846,  0.17389111,  0.22248414,\n",
              "         0.12823889,  0.30469573,  0.07942149,  0.99999994,  0.31904864,\n",
              "         0.25021538,  0.28283647],\n",
              "       [ 0.26303875,  0.07028455,  0.3350067 ,  0.2466387 ,  0.30587292,\n",
              "         0.1582477 ,  0.20241527,  0.15895723,  0.24632873,  0.20219643,\n",
              "         0.20359609,  0.46045095,  0.5378515 ,  0.31904864,  1.        ,\n",
              "         0.21929523,  0.38001585],\n",
              "       [ 0.4604699 ,  0.33969924,  0.32576674,  0.27177036,  0.41190237,\n",
              "         0.16104381,  0.2218974 ,  0.2859123 ,  0.07031381,  0.12134986,\n",
              "         0.18528223,  0.3160494 ,  0.12487724,  0.25021538,  0.21929523,\n",
              "         1.0000002 ,  0.17673844],\n",
              "       [ 0.3270831 ,  0.07656102,  0.34087828,  0.11058838,  0.2923208 ,\n",
              "         0.16550946,  0.16241327,  0.18274102,  0.14512983,  0.24785799,\n",
              "         0.11692668,  0.22764309,  0.37695178,  0.28283647,  0.38001585,\n",
              "         0.17673844,  1.0000001 ]], dtype=float32)"
            ]
          },
          "metadata": {},
          "execution_count": 11
        }
      ]
    },
    {
      "cell_type": "code",
      "source": [
        "import pandas as pd\n",
        "similarity_df = pd.DataFrame(\n",
        "    similarity_matrix,\n",
        "    columns=[f'P{i+1}' for i in range(len(paragraphs))],\n",
        "    index=[f'P{i+1}' for i in range(len(paragraphs))]\n",
        ")\n",
        "similarity_df"
      ],
      "metadata": {
        "colab": {
          "base_uri": "https://localhost:8080/",
          "height": 602
        },
        "id": "ZxgzFhqSOhOv",
        "outputId": "c21c43d5-3878-4020-bff5-0fc79502248f"
      },
      "execution_count": null,
      "outputs": [
        {
          "output_type": "execute_result",
          "data": {
            "text/plain": [
              "           P1        P2        P3        P4        P5        P6        P7  \\\n",
              "P1   1.000000  0.639499  0.482770  0.372452  0.729307  0.405352  0.481636   \n",
              "P2   0.639499  1.000000  0.271313  0.244922  0.662541  0.407607  0.591040   \n",
              "P3   0.482770  0.271313  1.000000  0.214994  0.435964  0.414278  0.455464   \n",
              "P4   0.372452  0.244922  0.214994  1.000000  0.338229  0.084393  0.210706   \n",
              "P5   0.729307  0.662541  0.435964  0.338229  1.000000  0.383719  0.493046   \n",
              "P6   0.405352  0.407607  0.414278  0.084393  0.383719  1.000000  0.720705   \n",
              "P7   0.481636  0.591040  0.455464  0.210706  0.493046  0.720705  1.000000   \n",
              "P8   0.528766  0.458160  0.221399  0.335695  0.575284  0.322982  0.297663   \n",
              "P9   0.209980  0.124729  0.053548  0.457515  0.303201  0.069794  0.046410   \n",
              "P10  0.123431  0.123529  0.064354  0.162328  0.097912 -0.011322  0.055069   \n",
              "P11  0.300825  0.196909  0.116718  0.668277  0.321935  0.137514  0.206338   \n",
              "P12  0.394843  0.134555  0.246366  0.442921  0.420835  0.116443  0.150727   \n",
              "P13  0.162940 -0.008447  0.337944  0.419756  0.234987  0.095947  0.168263   \n",
              "P14  0.445616  0.243964  0.198693  0.154389  0.382362  0.140899  0.133220   \n",
              "P15  0.263039  0.070285  0.335007  0.246639  0.305873  0.158248  0.202415   \n",
              "P16  0.460470  0.339699  0.325767  0.271770  0.411902  0.161044  0.221897   \n",
              "P17  0.327083  0.076561  0.340878  0.110588  0.292321  0.165509  0.162413   \n",
              "\n",
              "           P8        P9       P10       P11       P12       P13       P14  \\\n",
              "P1   0.528766  0.209980  0.123431  0.300825  0.394843  0.162940  0.445616   \n",
              "P2   0.458160  0.124729  0.123529  0.196909  0.134555 -0.008447  0.243964   \n",
              "P3   0.221399  0.053548  0.064354  0.116718  0.246366  0.337944  0.198693   \n",
              "P4   0.335695  0.457515  0.162328  0.668277  0.442921  0.419756  0.154389   \n",
              "P5   0.575284  0.303201  0.097912  0.321935  0.420835  0.234987  0.382362   \n",
              "P6   0.322982  0.069794 -0.011322  0.137514  0.116443  0.095947  0.140899   \n",
              "P7   0.297663  0.046410  0.055069  0.206338  0.150727  0.168263  0.133220   \n",
              "P8   1.000000  0.416293  0.077505  0.343653  0.277349  0.087425  0.359558   \n",
              "P9   0.416293  1.000000  0.349163  0.278427  0.263611  0.229802  0.173891   \n",
              "P10  0.077505  0.349163  1.000000  0.013963  0.072317  0.148708  0.222484   \n",
              "P11  0.343653  0.278427  0.013963  1.000000  0.370448  0.335080  0.128239   \n",
              "P12  0.277349  0.263611  0.072317  0.370448  1.000000  0.575936  0.304696   \n",
              "P13  0.087425  0.229802  0.148708  0.335080  0.575936  1.000000  0.079421   \n",
              "P14  0.359558  0.173891  0.222484  0.128239  0.304696  0.079421  1.000000   \n",
              "P15  0.158957  0.246329  0.202196  0.203596  0.460451  0.537852  0.319049   \n",
              "P16  0.285912  0.070314  0.121350  0.185282  0.316049  0.124877  0.250215   \n",
              "P17  0.182741  0.145130  0.247858  0.116927  0.227643  0.376952  0.282836   \n",
              "\n",
              "          P15       P16       P17  \n",
              "P1   0.263039  0.460470  0.327083  \n",
              "P2   0.070285  0.339699  0.076561  \n",
              "P3   0.335007  0.325767  0.340878  \n",
              "P4   0.246639  0.271770  0.110588  \n",
              "P5   0.305873  0.411902  0.292321  \n",
              "P6   0.158248  0.161044  0.165509  \n",
              "P7   0.202415  0.221897  0.162413  \n",
              "P8   0.158957  0.285912  0.182741  \n",
              "P9   0.246329  0.070314  0.145130  \n",
              "P10  0.202196  0.121350  0.247858  \n",
              "P11  0.203596  0.185282  0.116927  \n",
              "P12  0.460451  0.316049  0.227643  \n",
              "P13  0.537852  0.124877  0.376952  \n",
              "P14  0.319049  0.250215  0.282836  \n",
              "P15  1.000000  0.219295  0.380016  \n",
              "P16  0.219295  1.000000  0.176738  \n",
              "P17  0.380016  0.176738  1.000000  "
            ],
            "text/html": [
              "\n",
              "  <div id=\"df-38d2c10f-1e05-4672-9210-758554f743e8\" class=\"colab-df-container\">\n",
              "    <div>\n",
              "<style scoped>\n",
              "    .dataframe tbody tr th:only-of-type {\n",
              "        vertical-align: middle;\n",
              "    }\n",
              "\n",
              "    .dataframe tbody tr th {\n",
              "        vertical-align: top;\n",
              "    }\n",
              "\n",
              "    .dataframe thead th {\n",
              "        text-align: right;\n",
              "    }\n",
              "</style>\n",
              "<table border=\"1\" class=\"dataframe\">\n",
              "  <thead>\n",
              "    <tr style=\"text-align: right;\">\n",
              "      <th></th>\n",
              "      <th>P1</th>\n",
              "      <th>P2</th>\n",
              "      <th>P3</th>\n",
              "      <th>P4</th>\n",
              "      <th>P5</th>\n",
              "      <th>P6</th>\n",
              "      <th>P7</th>\n",
              "      <th>P8</th>\n",
              "      <th>P9</th>\n",
              "      <th>P10</th>\n",
              "      <th>P11</th>\n",
              "      <th>P12</th>\n",
              "      <th>P13</th>\n",
              "      <th>P14</th>\n",
              "      <th>P15</th>\n",
              "      <th>P16</th>\n",
              "      <th>P17</th>\n",
              "    </tr>\n",
              "  </thead>\n",
              "  <tbody>\n",
              "    <tr>\n",
              "      <th>P1</th>\n",
              "      <td>1.000000</td>\n",
              "      <td>0.639499</td>\n",
              "      <td>0.482770</td>\n",
              "      <td>0.372452</td>\n",
              "      <td>0.729307</td>\n",
              "      <td>0.405352</td>\n",
              "      <td>0.481636</td>\n",
              "      <td>0.528766</td>\n",
              "      <td>0.209980</td>\n",
              "      <td>0.123431</td>\n",
              "      <td>0.300825</td>\n",
              "      <td>0.394843</td>\n",
              "      <td>0.162940</td>\n",
              "      <td>0.445616</td>\n",
              "      <td>0.263039</td>\n",
              "      <td>0.460470</td>\n",
              "      <td>0.327083</td>\n",
              "    </tr>\n",
              "    <tr>\n",
              "      <th>P2</th>\n",
              "      <td>0.639499</td>\n",
              "      <td>1.000000</td>\n",
              "      <td>0.271313</td>\n",
              "      <td>0.244922</td>\n",
              "      <td>0.662541</td>\n",
              "      <td>0.407607</td>\n",
              "      <td>0.591040</td>\n",
              "      <td>0.458160</td>\n",
              "      <td>0.124729</td>\n",
              "      <td>0.123529</td>\n",
              "      <td>0.196909</td>\n",
              "      <td>0.134555</td>\n",
              "      <td>-0.008447</td>\n",
              "      <td>0.243964</td>\n",
              "      <td>0.070285</td>\n",
              "      <td>0.339699</td>\n",
              "      <td>0.076561</td>\n",
              "    </tr>\n",
              "    <tr>\n",
              "      <th>P3</th>\n",
              "      <td>0.482770</td>\n",
              "      <td>0.271313</td>\n",
              "      <td>1.000000</td>\n",
              "      <td>0.214994</td>\n",
              "      <td>0.435964</td>\n",
              "      <td>0.414278</td>\n",
              "      <td>0.455464</td>\n",
              "      <td>0.221399</td>\n",
              "      <td>0.053548</td>\n",
              "      <td>0.064354</td>\n",
              "      <td>0.116718</td>\n",
              "      <td>0.246366</td>\n",
              "      <td>0.337944</td>\n",
              "      <td>0.198693</td>\n",
              "      <td>0.335007</td>\n",
              "      <td>0.325767</td>\n",
              "      <td>0.340878</td>\n",
              "    </tr>\n",
              "    <tr>\n",
              "      <th>P4</th>\n",
              "      <td>0.372452</td>\n",
              "      <td>0.244922</td>\n",
              "      <td>0.214994</td>\n",
              "      <td>1.000000</td>\n",
              "      <td>0.338229</td>\n",
              "      <td>0.084393</td>\n",
              "      <td>0.210706</td>\n",
              "      <td>0.335695</td>\n",
              "      <td>0.457515</td>\n",
              "      <td>0.162328</td>\n",
              "      <td>0.668277</td>\n",
              "      <td>0.442921</td>\n",
              "      <td>0.419756</td>\n",
              "      <td>0.154389</td>\n",
              "      <td>0.246639</td>\n",
              "      <td>0.271770</td>\n",
              "      <td>0.110588</td>\n",
              "    </tr>\n",
              "    <tr>\n",
              "      <th>P5</th>\n",
              "      <td>0.729307</td>\n",
              "      <td>0.662541</td>\n",
              "      <td>0.435964</td>\n",
              "      <td>0.338229</td>\n",
              "      <td>1.000000</td>\n",
              "      <td>0.383719</td>\n",
              "      <td>0.493046</td>\n",
              "      <td>0.575284</td>\n",
              "      <td>0.303201</td>\n",
              "      <td>0.097912</td>\n",
              "      <td>0.321935</td>\n",
              "      <td>0.420835</td>\n",
              "      <td>0.234987</td>\n",
              "      <td>0.382362</td>\n",
              "      <td>0.305873</td>\n",
              "      <td>0.411902</td>\n",
              "      <td>0.292321</td>\n",
              "    </tr>\n",
              "    <tr>\n",
              "      <th>P6</th>\n",
              "      <td>0.405352</td>\n",
              "      <td>0.407607</td>\n",
              "      <td>0.414278</td>\n",
              "      <td>0.084393</td>\n",
              "      <td>0.383719</td>\n",
              "      <td>1.000000</td>\n",
              "      <td>0.720705</td>\n",
              "      <td>0.322982</td>\n",
              "      <td>0.069794</td>\n",
              "      <td>-0.011322</td>\n",
              "      <td>0.137514</td>\n",
              "      <td>0.116443</td>\n",
              "      <td>0.095947</td>\n",
              "      <td>0.140899</td>\n",
              "      <td>0.158248</td>\n",
              "      <td>0.161044</td>\n",
              "      <td>0.165509</td>\n",
              "    </tr>\n",
              "    <tr>\n",
              "      <th>P7</th>\n",
              "      <td>0.481636</td>\n",
              "      <td>0.591040</td>\n",
              "      <td>0.455464</td>\n",
              "      <td>0.210706</td>\n",
              "      <td>0.493046</td>\n",
              "      <td>0.720705</td>\n",
              "      <td>1.000000</td>\n",
              "      <td>0.297663</td>\n",
              "      <td>0.046410</td>\n",
              "      <td>0.055069</td>\n",
              "      <td>0.206338</td>\n",
              "      <td>0.150727</td>\n",
              "      <td>0.168263</td>\n",
              "      <td>0.133220</td>\n",
              "      <td>0.202415</td>\n",
              "      <td>0.221897</td>\n",
              "      <td>0.162413</td>\n",
              "    </tr>\n",
              "    <tr>\n",
              "      <th>P8</th>\n",
              "      <td>0.528766</td>\n",
              "      <td>0.458160</td>\n",
              "      <td>0.221399</td>\n",
              "      <td>0.335695</td>\n",
              "      <td>0.575284</td>\n",
              "      <td>0.322982</td>\n",
              "      <td>0.297663</td>\n",
              "      <td>1.000000</td>\n",
              "      <td>0.416293</td>\n",
              "      <td>0.077505</td>\n",
              "      <td>0.343653</td>\n",
              "      <td>0.277349</td>\n",
              "      <td>0.087425</td>\n",
              "      <td>0.359558</td>\n",
              "      <td>0.158957</td>\n",
              "      <td>0.285912</td>\n",
              "      <td>0.182741</td>\n",
              "    </tr>\n",
              "    <tr>\n",
              "      <th>P9</th>\n",
              "      <td>0.209980</td>\n",
              "      <td>0.124729</td>\n",
              "      <td>0.053548</td>\n",
              "      <td>0.457515</td>\n",
              "      <td>0.303201</td>\n",
              "      <td>0.069794</td>\n",
              "      <td>0.046410</td>\n",
              "      <td>0.416293</td>\n",
              "      <td>1.000000</td>\n",
              "      <td>0.349163</td>\n",
              "      <td>0.278427</td>\n",
              "      <td>0.263611</td>\n",
              "      <td>0.229802</td>\n",
              "      <td>0.173891</td>\n",
              "      <td>0.246329</td>\n",
              "      <td>0.070314</td>\n",
              "      <td>0.145130</td>\n",
              "    </tr>\n",
              "    <tr>\n",
              "      <th>P10</th>\n",
              "      <td>0.123431</td>\n",
              "      <td>0.123529</td>\n",
              "      <td>0.064354</td>\n",
              "      <td>0.162328</td>\n",
              "      <td>0.097912</td>\n",
              "      <td>-0.011322</td>\n",
              "      <td>0.055069</td>\n",
              "      <td>0.077505</td>\n",
              "      <td>0.349163</td>\n",
              "      <td>1.000000</td>\n",
              "      <td>0.013963</td>\n",
              "      <td>0.072317</td>\n",
              "      <td>0.148708</td>\n",
              "      <td>0.222484</td>\n",
              "      <td>0.202196</td>\n",
              "      <td>0.121350</td>\n",
              "      <td>0.247858</td>\n",
              "    </tr>\n",
              "    <tr>\n",
              "      <th>P11</th>\n",
              "      <td>0.300825</td>\n",
              "      <td>0.196909</td>\n",
              "      <td>0.116718</td>\n",
              "      <td>0.668277</td>\n",
              "      <td>0.321935</td>\n",
              "      <td>0.137514</td>\n",
              "      <td>0.206338</td>\n",
              "      <td>0.343653</td>\n",
              "      <td>0.278427</td>\n",
              "      <td>0.013963</td>\n",
              "      <td>1.000000</td>\n",
              "      <td>0.370448</td>\n",
              "      <td>0.335080</td>\n",
              "      <td>0.128239</td>\n",
              "      <td>0.203596</td>\n",
              "      <td>0.185282</td>\n",
              "      <td>0.116927</td>\n",
              "    </tr>\n",
              "    <tr>\n",
              "      <th>P12</th>\n",
              "      <td>0.394843</td>\n",
              "      <td>0.134555</td>\n",
              "      <td>0.246366</td>\n",
              "      <td>0.442921</td>\n",
              "      <td>0.420835</td>\n",
              "      <td>0.116443</td>\n",
              "      <td>0.150727</td>\n",
              "      <td>0.277349</td>\n",
              "      <td>0.263611</td>\n",
              "      <td>0.072317</td>\n",
              "      <td>0.370448</td>\n",
              "      <td>1.000000</td>\n",
              "      <td>0.575936</td>\n",
              "      <td>0.304696</td>\n",
              "      <td>0.460451</td>\n",
              "      <td>0.316049</td>\n",
              "      <td>0.227643</td>\n",
              "    </tr>\n",
              "    <tr>\n",
              "      <th>P13</th>\n",
              "      <td>0.162940</td>\n",
              "      <td>-0.008447</td>\n",
              "      <td>0.337944</td>\n",
              "      <td>0.419756</td>\n",
              "      <td>0.234987</td>\n",
              "      <td>0.095947</td>\n",
              "      <td>0.168263</td>\n",
              "      <td>0.087425</td>\n",
              "      <td>0.229802</td>\n",
              "      <td>0.148708</td>\n",
              "      <td>0.335080</td>\n",
              "      <td>0.575936</td>\n",
              "      <td>1.000000</td>\n",
              "      <td>0.079421</td>\n",
              "      <td>0.537852</td>\n",
              "      <td>0.124877</td>\n",
              "      <td>0.376952</td>\n",
              "    </tr>\n",
              "    <tr>\n",
              "      <th>P14</th>\n",
              "      <td>0.445616</td>\n",
              "      <td>0.243964</td>\n",
              "      <td>0.198693</td>\n",
              "      <td>0.154389</td>\n",
              "      <td>0.382362</td>\n",
              "      <td>0.140899</td>\n",
              "      <td>0.133220</td>\n",
              "      <td>0.359558</td>\n",
              "      <td>0.173891</td>\n",
              "      <td>0.222484</td>\n",
              "      <td>0.128239</td>\n",
              "      <td>0.304696</td>\n",
              "      <td>0.079421</td>\n",
              "      <td>1.000000</td>\n",
              "      <td>0.319049</td>\n",
              "      <td>0.250215</td>\n",
              "      <td>0.282836</td>\n",
              "    </tr>\n",
              "    <tr>\n",
              "      <th>P15</th>\n",
              "      <td>0.263039</td>\n",
              "      <td>0.070285</td>\n",
              "      <td>0.335007</td>\n",
              "      <td>0.246639</td>\n",
              "      <td>0.305873</td>\n",
              "      <td>0.158248</td>\n",
              "      <td>0.202415</td>\n",
              "      <td>0.158957</td>\n",
              "      <td>0.246329</td>\n",
              "      <td>0.202196</td>\n",
              "      <td>0.203596</td>\n",
              "      <td>0.460451</td>\n",
              "      <td>0.537852</td>\n",
              "      <td>0.319049</td>\n",
              "      <td>1.000000</td>\n",
              "      <td>0.219295</td>\n",
              "      <td>0.380016</td>\n",
              "    </tr>\n",
              "    <tr>\n",
              "      <th>P16</th>\n",
              "      <td>0.460470</td>\n",
              "      <td>0.339699</td>\n",
              "      <td>0.325767</td>\n",
              "      <td>0.271770</td>\n",
              "      <td>0.411902</td>\n",
              "      <td>0.161044</td>\n",
              "      <td>0.221897</td>\n",
              "      <td>0.285912</td>\n",
              "      <td>0.070314</td>\n",
              "      <td>0.121350</td>\n",
              "      <td>0.185282</td>\n",
              "      <td>0.316049</td>\n",
              "      <td>0.124877</td>\n",
              "      <td>0.250215</td>\n",
              "      <td>0.219295</td>\n",
              "      <td>1.000000</td>\n",
              "      <td>0.176738</td>\n",
              "    </tr>\n",
              "    <tr>\n",
              "      <th>P17</th>\n",
              "      <td>0.327083</td>\n",
              "      <td>0.076561</td>\n",
              "      <td>0.340878</td>\n",
              "      <td>0.110588</td>\n",
              "      <td>0.292321</td>\n",
              "      <td>0.165509</td>\n",
              "      <td>0.162413</td>\n",
              "      <td>0.182741</td>\n",
              "      <td>0.145130</td>\n",
              "      <td>0.247858</td>\n",
              "      <td>0.116927</td>\n",
              "      <td>0.227643</td>\n",
              "      <td>0.376952</td>\n",
              "      <td>0.282836</td>\n",
              "      <td>0.380016</td>\n",
              "      <td>0.176738</td>\n",
              "      <td>1.000000</td>\n",
              "    </tr>\n",
              "  </tbody>\n",
              "</table>\n",
              "</div>\n",
              "    <div class=\"colab-df-buttons\">\n",
              "\n",
              "  <div class=\"colab-df-container\">\n",
              "    <button class=\"colab-df-convert\" onclick=\"convertToInteractive('df-38d2c10f-1e05-4672-9210-758554f743e8')\"\n",
              "            title=\"Convert this dataframe to an interactive table.\"\n",
              "            style=\"display:none;\">\n",
              "\n",
              "  <svg xmlns=\"http://www.w3.org/2000/svg\" height=\"24px\" viewBox=\"0 -960 960 960\">\n",
              "    <path d=\"M120-120v-720h720v720H120Zm60-500h600v-160H180v160Zm220 220h160v-160H400v160Zm0 220h160v-160H400v160ZM180-400h160v-160H180v160Zm440 0h160v-160H620v160ZM180-180h160v-160H180v160Zm440 0h160v-160H620v160Z\"/>\n",
              "  </svg>\n",
              "    </button>\n",
              "\n",
              "  <style>\n",
              "    .colab-df-container {\n",
              "      display:flex;\n",
              "      gap: 12px;\n",
              "    }\n",
              "\n",
              "    .colab-df-convert {\n",
              "      background-color: #E8F0FE;\n",
              "      border: none;\n",
              "      border-radius: 50%;\n",
              "      cursor: pointer;\n",
              "      display: none;\n",
              "      fill: #1967D2;\n",
              "      height: 32px;\n",
              "      padding: 0 0 0 0;\n",
              "      width: 32px;\n",
              "    }\n",
              "\n",
              "    .colab-df-convert:hover {\n",
              "      background-color: #E2EBFA;\n",
              "      box-shadow: 0px 1px 2px rgba(60, 64, 67, 0.3), 0px 1px 3px 1px rgba(60, 64, 67, 0.15);\n",
              "      fill: #174EA6;\n",
              "    }\n",
              "\n",
              "    .colab-df-buttons div {\n",
              "      margin-bottom: 4px;\n",
              "    }\n",
              "\n",
              "    [theme=dark] .colab-df-convert {\n",
              "      background-color: #3B4455;\n",
              "      fill: #D2E3FC;\n",
              "    }\n",
              "\n",
              "    [theme=dark] .colab-df-convert:hover {\n",
              "      background-color: #434B5C;\n",
              "      box-shadow: 0px 1px 3px 1px rgba(0, 0, 0, 0.15);\n",
              "      filter: drop-shadow(0px 1px 2px rgba(0, 0, 0, 0.3));\n",
              "      fill: #FFFFFF;\n",
              "    }\n",
              "  </style>\n",
              "\n",
              "    <script>\n",
              "      const buttonEl =\n",
              "        document.querySelector('#df-38d2c10f-1e05-4672-9210-758554f743e8 button.colab-df-convert');\n",
              "      buttonEl.style.display =\n",
              "        google.colab.kernel.accessAllowed ? 'block' : 'none';\n",
              "\n",
              "      async function convertToInteractive(key) {\n",
              "        const element = document.querySelector('#df-38d2c10f-1e05-4672-9210-758554f743e8');\n",
              "        const dataTable =\n",
              "          await google.colab.kernel.invokeFunction('convertToInteractive',\n",
              "                                                    [key], {});\n",
              "        if (!dataTable) return;\n",
              "\n",
              "        const docLinkHtml = 'Like what you see? Visit the ' +\n",
              "          '<a target=\"_blank\" href=https://colab.research.google.com/notebooks/data_table.ipynb>data table notebook</a>'\n",
              "          + ' to learn more about interactive tables.';\n",
              "        element.innerHTML = '';\n",
              "        dataTable['output_type'] = 'display_data';\n",
              "        await google.colab.output.renderOutput(dataTable, element);\n",
              "        const docLink = document.createElement('div');\n",
              "        docLink.innerHTML = docLinkHtml;\n",
              "        element.appendChild(docLink);\n",
              "      }\n",
              "    </script>\n",
              "  </div>\n",
              "\n",
              "\n",
              "<div id=\"df-9d1cc4a1-6660-42b6-ad59-5a957217b9cc\">\n",
              "  <button class=\"colab-df-quickchart\" onclick=\"quickchart('df-9d1cc4a1-6660-42b6-ad59-5a957217b9cc')\"\n",
              "            title=\"Suggest charts\"\n",
              "            style=\"display:none;\">\n",
              "\n",
              "<svg xmlns=\"http://www.w3.org/2000/svg\" height=\"24px\"viewBox=\"0 0 24 24\"\n",
              "     width=\"24px\">\n",
              "    <g>\n",
              "        <path d=\"M19 3H5c-1.1 0-2 .9-2 2v14c0 1.1.9 2 2 2h14c1.1 0 2-.9 2-2V5c0-1.1-.9-2-2-2zM9 17H7v-7h2v7zm4 0h-2V7h2v10zm4 0h-2v-4h2v4z\"/>\n",
              "    </g>\n",
              "</svg>\n",
              "  </button>\n",
              "\n",
              "<style>\n",
              "  .colab-df-quickchart {\n",
              "      --bg-color: #E8F0FE;\n",
              "      --fill-color: #1967D2;\n",
              "      --hover-bg-color: #E2EBFA;\n",
              "      --hover-fill-color: #174EA6;\n",
              "      --disabled-fill-color: #AAA;\n",
              "      --disabled-bg-color: #DDD;\n",
              "  }\n",
              "\n",
              "  [theme=dark] .colab-df-quickchart {\n",
              "      --bg-color: #3B4455;\n",
              "      --fill-color: #D2E3FC;\n",
              "      --hover-bg-color: #434B5C;\n",
              "      --hover-fill-color: #FFFFFF;\n",
              "      --disabled-bg-color: #3B4455;\n",
              "      --disabled-fill-color: #666;\n",
              "  }\n",
              "\n",
              "  .colab-df-quickchart {\n",
              "    background-color: var(--bg-color);\n",
              "    border: none;\n",
              "    border-radius: 50%;\n",
              "    cursor: pointer;\n",
              "    display: none;\n",
              "    fill: var(--fill-color);\n",
              "    height: 32px;\n",
              "    padding: 0;\n",
              "    width: 32px;\n",
              "  }\n",
              "\n",
              "  .colab-df-quickchart:hover {\n",
              "    background-color: var(--hover-bg-color);\n",
              "    box-shadow: 0 1px 2px rgba(60, 64, 67, 0.3), 0 1px 3px 1px rgba(60, 64, 67, 0.15);\n",
              "    fill: var(--button-hover-fill-color);\n",
              "  }\n",
              "\n",
              "  .colab-df-quickchart-complete:disabled,\n",
              "  .colab-df-quickchart-complete:disabled:hover {\n",
              "    background-color: var(--disabled-bg-color);\n",
              "    fill: var(--disabled-fill-color);\n",
              "    box-shadow: none;\n",
              "  }\n",
              "\n",
              "  .colab-df-spinner {\n",
              "    border: 2px solid var(--fill-color);\n",
              "    border-color: transparent;\n",
              "    border-bottom-color: var(--fill-color);\n",
              "    animation:\n",
              "      spin 1s steps(1) infinite;\n",
              "  }\n",
              "\n",
              "  @keyframes spin {\n",
              "    0% {\n",
              "      border-color: transparent;\n",
              "      border-bottom-color: var(--fill-color);\n",
              "      border-left-color: var(--fill-color);\n",
              "    }\n",
              "    20% {\n",
              "      border-color: transparent;\n",
              "      border-left-color: var(--fill-color);\n",
              "      border-top-color: var(--fill-color);\n",
              "    }\n",
              "    30% {\n",
              "      border-color: transparent;\n",
              "      border-left-color: var(--fill-color);\n",
